version https://git-lfs.github.com/spec/v1
oid sha256:fa8c51699008a196d2ebaa5445c6e2600e6c91f1b10536a318d21495d44a633d
size 14404
